    -3.1576  20.9771  20.9771  20.9771  22.4269  22.4269  22.4269  24.8649		
    -3.0647  20.0820  20.0820  20.3327  22.1937  23.4859  23.4859  25.7074		
    -2.7870  18.8451  18.8451  19.1025  21.5817  24.3396  25.1185  25.1185		
    -2.3257  17.7070  17.7070  17.8540  20.7949  21.7140  26.8791  26.8791		
    -1.6829  16.7069  16.7069  16.7209  19.0771  19.9803  28.6228  28.6228		
    -0.8610  15.7428  15.8579  15.8579  16.5660  19.2170  30.0233  30.2782		
     0.1377  14.1720  14.9406  15.1684  15.1684  18.5626  30.9301  31.8291		
     1.3054  11.9020  14.3072  14.6255  14.6255  18.0175  31.9011  33.1467		
     2.6328   9.7883  13.8518  14.2360  14.2360  17.6144  32.8927  34.2947		
     4.0894   7.8654  13.5790  14.0042  14.0042  17.3709  33.7279  35.2006		
     5.2079   6.5902  13.4879  13.9270  13.9270  17.2889  34.0811  35.5774		
     5.3771   6.7657  11.0159  14.0808  15.2472  18.8697  33.0694  34.3103		
     5.8859   7.2346   8.3099  14.5494  16.0304  22.1540  31.1796  31.9563		
     5.6135   6.7328   8.2636  15.3304  16.9701  25.8224  29.2532  29.5524		
     3.3528   7.9217   9.4750  16.4242  18.1961  27.3545  27.4961  28.7150		
     1.3989   9.4492  11.0168  17.8415  19.7208  25.4475  26.0160  27.1264		
    -0.2239  11.3178  12.8485  19.5496  21.4902  23.8582  24.8093  25.7926		
    -1.4993  13.5163  14.9135  21.5057  22.6131  23.4483  23.9384  24.7438		
    -2.4178  16.0302  17.1427  21.7131  22.7676  23.9577  24.2866  24.8938		
    -2.9720  18.7889  19.3898  21.1671  22.5532  23.3299  23.6864  26.4847		
    -3.1576  20.9771  20.9771  20.9771  22.4269  22.4269  22.4269  24.8649		
    -2.8792  17.6544  20.2500  20.2500  23.0503  23.6128  23.6128  26.6028		
    -2.0498  13.6177  19.4962  19.4962  22.6856  24.0381  24.0381  26.1733		
    -0.6779   9.8705  19.1444  19.1444  22.2739  22.2739  22.4664  26.0474		
     1.2198   6.5268  19.2416  19.2416  20.8208  20.8208  22.6535  24.4886		
     3.4880   3.7749  19.8051  19.8051  19.8129  19.8129  23.1975  23.4967		
